---gt4 query
01 42 00 00 00
01 43 00 01 00
01 45 00 00 00 00 00 00 00
01 46 00 00 00 00 00 00 00
01 46 00 01 00 00 00 00 00
01 47 00 00 00 00 00 00 00
01 4C 00 00 00 00 00 00 00
01 4C 00 01 00 00 00 00 00
01 44 00 01 03 00 00 00 00
01 4D 00 00 01 FF FF FF FF
01 41 00 00 00 00 00 00 00
01 4F 00 FF FF 03 00 00 00
01 40 00 00 02 00 00 00 00
01 40 00 01 02 00 00 00 00
01 40 00 02 02 00 00 00 00
01 40 00 03 02 00 00 00 00
01 40 00 04 02 00 00 00 00
01 40 00 05 02 00 00 00 00
01 40 00 06 02 00 00 00 00
01 40 00 07 02 00 00 00 00
01 40 00 08 02 00 00 00 00
01 40 00 09 02 00 00 00 00
01 40 00 0A 02 00 00 00 00
01 40 00 0B 02 00 00 00 00
01 41 00 00 00 00 00 00 00
01 43 00 00 00 00 00 00 00
01 42 00 00 00
01 42 00 00 00 00 00 00 00 00 00 00 00 00 00 00 00 00 00 00 00
01 42 00 00 00 00 00 00 00 00 00 00 00 00 00 00 00 00 00 00 00
01 42 00 00 00 00 00 00 00 00 00 00 00 00 00 00 00 00 00 00 00
01 42 00 00 00 00 00 00 00 00 00 00 00 00 00 00 00 00 00 00 00
01 42 00 00 00 00 00 00 00 00 00 00 00 00 00 00 00 00 00 00 00
01 42 00 00 00 00 00 00 00 00 00 00 00 00 00 00 00 00 00 00 00
01 42 00 00 00 00 00 00 00 00 00 00 00 00 00 00 00 00 00 00 00
01 42 00 00 00 00 00 00 00 00 00 00 00 00 00 00 00 00 00 00 00
01 42 00 00 00 00 00 00 00 00 00 00 00 00 00 00 00 00 00 00 00
01 42 00 00 00 00 00 00 00 00 00 00 00 00 00 00 00 00 00 00 00




-dash query
01 42 00 00 00
01 42 00 00 00
01 42 00 00 00
01 43 00 01 00
01 45 00 5A 5A 5A 5A 5A 5A
01 46 00 00 5A 5A 5A 5A 5A
01 46 00 01 5A 5A 5A 5A 5A
01 47 00 00 5A 5A 5A 5A 5A
01 4C 00 00 5A 5A 5A 5A 5A
01 4C 00 01 5A 5A 5A 5A 5A
01 4D 00 FF FF FF FF FF FF
01 41 00 5A 5A 5A 5A 5A 5A
01 43 00 00 5A 5A 5A 5A 5A
01 42 00 00 00
01 42 00 00 00
01 42 00 00 00


guitar hero query-----
01 42 00 00 00
01 43 00 01 00
01 45 00 5A 5A 5A 5A 5A 5A
01 46 00 00 5A 5A 5A 5A 5A
01 46 00 01 5A 5A 5A 5A 5A
01 47 00 00 5A 5A 5A 5A 5A
01 4C 00 00 5A 5A 5A 5A 5A
01 4C 00 01 5A 5A 5A 5A 5A
01 4D 00 FF FF FF FF FF FF
01 41 00 5A 5A 5A 5A 5A 5A
01 43 00 00 5A 5A 5A 5A 5A
01 42 00 00 00
01 42 00 00 00
01 42 00 00 00
01 43 00 01 00
01 44 00 01 03 00 00 00 00
01 43 00 00 5A 5A 5A 5A 5A
01 42 00 00 00
01 42 00 00 00
01 43 00 01 00 00 00 00 00
01 45 00 5A 5A 5A 5A 5A 5A
01 46 00 00 5A 5A 5A 5A 5A
01 46 00 01 5A 5A 5A 5A 5A
01 47 00 00 5A 5A 5A 5A 5A
01 4C 00 00 5A 5A 5A 5A 5A
01 4C 00 01 5A 5A 5A 5A 5A
01 4D 00 00 01 FF FF FF FF
01 41 00 5A 5A 5A 5A 5A 5A
01 43 00 00 5A 5A 5A 5A 5A
01 42 00 00 00
01 42 00 00 00 00 00 00 00
01 42 00 00 00 00 00 00 00
01 42 00 00 00 00 00 00 00
01 43 00 01 00 00 00 00 00
01 4D 00 00 01 FF FF FF FF
01 43 00 00 5A 5A 5A 5A 5A
01 42 00 00 00 00 00 00 00
01 42 00 00 00 00 00 00 00
01 42 00 00 00 00 00 00 00
01 43 00 01 00 00 00 00 00
01 4F 00 FF FF 03 00 00 00
01 40 00 00 02 00 00 00 00
01 40 00 01 02 00 00 00 00
01 40 00 02 02 00 00 00 00
01 40 00 03 02 00 00 00 00
01 40 00 04 02 00 00 00 00
01 40 00 05 02 00 00 00 00
01 40 00 06 02 00 00 00 00
01 40 00 07 02 00 00 00 00
01 40 00 08 02 00 00 00 00
01 40 00 09 02 00 00 00 00
01 40 00 0A 02 00 00 00 00
01 40 00 0B 02 00 00 00 00
01 43 00 00 5A 5A 5A 5A 5A
01 42 00 00 00 00 00 00 00
01 42 00 00 00
01 43 00 01 00 00 00 00 00 00 00 00 00 00 00 00 00 00 00 00 00
01 45 00 5A 5A 5A 5A 5A 5A
01 46 00 00 5A 5A 5A 5A 5A
01 46 00 01 5A 5A 5A 5A 5A
01 47 00 00 5A 5A 5A 5A 5A
01 4C 00 00 5A 5A 5A 5A 5A
01 4C 00 01 5A 5A 5A 5A 5A
01 4D 00 00 01 FF FF FF FF
01 41 00 5A 5A 5A 5A 5A 5A
01 43 00 00 5A 5A 5A 5A 5A
01 42 00 00 00
01 42 00 00 00 00 00 00 00 00 00 00 00 00 00 00 00 00 00 00 00
01 42 00 00 00 00 00 00 00 00 00 00 00 00 00 00 00 00 00 00 00
01 42 00 00 00 00 00 00 00 00 00 00 00 00 00 00 00 00 00 00 00
01 42 00 00 00 00 00 00 00 00 00 00 00 00 00 00 00 00 00 00 00
01 42 00 00 00 00 00 00 00 00 00 00 00 00 00 00 00 00 00 00 00
01 42 00 00 00 00 00 00 00 00 00 00 00 00 00 00 00 00 00 00 00



----Final Fantasy X query
01 42 00 00 00
01 43 00 01 00
01 45 00 5A 5A 5A 5A 5A 5A
01 46 00 00 5A 5A 5A 5A 5A
01 46 00 01 5A 5A 5A 5A 5A
01 47 00 00 5A 5A 5A 5A 5A
01 4C 00 00 5A 5A 5A 5A 5A
01 4C 00 01 5A 5A 5A 5A 5A
01 4D 00 FF FF FF FF FF FF
01 41 00 5A 5A 5A 5A 5A 5A
01 43 00 00 5A 5A 5A 5A 5A
01 42 00 00 00
01 42 00 00 00
01 42 00 00 00
01 42 00 00 00
01 42 00 00 00
01 43 00 01 00
01 44 00 01 03 00 00 00 00
01 43 00 00 5A 5A 5A 5A 5A
01 42 00 00 00
01 42 00 00 00
01 43 00 01 00 00 00 00 00
01 45 00 5A 5A 5A 5A 5A 5A
01 46 00 00 5A 5A 5A 5A 5A
01 46 00 01 5A 5A 5A 5A 5A
01 47 00 00 5A 5A 5A 5A 5A
01 4C 00 00 5A 5A 5A 5A 5A
01 4C 00 01 5A 5A 5A 5A 5A
01 4D 00 00 01 FF FF FF FF
01 41 00 5A 5A 5A 5A 5A 5A
01 43 00 00 5A 5A 5A 5A 5A
01 42 00 00 00
01 42 00 00 00 00 00 00 00
01 42 00 00 00 00 00 00 00
01 43 00 01 00 00 00 00 00
01 4F 00 FF FF 03 00 00 00
01 40 00 00 02 00 00 00 00
01 40 00 01 02 00 00 00 00
01 40 00 02 02 00 00 00 00
01 40 00 03 02 00 00 00 00
01 40 00 04 02 00 00 00 00
01 40 00 05 02 00 00 00 00
01 40 00 06 02 00 00 00 00
01 40 00 07 02 00 00 00 00
01 40 00 08 02 00 00 00 00
01 40 00 09 02 00 00 00 00
01 40 00 0A 02 00 00 00 00
01 40 00 0B 02 00 00 00 00
01 43 00 00 5A 5A 5A 5A 5A
01 42 00 00 00 00 00 00 00
01 42 00 00 00
01 43 00 01 00 00 00 00 00 00 00 00 00 00 00 00 00 00 00 00 00
01 45 00 5A 5A 5A 5A 5A 5A
01 46 00 00 5A 5A 5A 5A 5A
01 46 00 01 5A 5A 5A 5A 5A
01 47 00 00 5A 5A 5A 5A 5A
01 4C 00 00 5A 5A 5A 5A 5A
01 4C 00 01 5A 5A 5A 5A 5A
01 4D 00 00 01 FF FF FF FF
01 41 00 5A 5A 5A 5A 5A 5A
01 43 00 00 5A 5A 5A 5A 5A
01 42 00 00 00
01 42 00 00 00 00 00 00 00 00 00 00 00 00 00 00 00 00 00 00 00
01 42 00 00 00 00 00 00 00 00 00 00 00 00 00 00 00 00 00 00 00
01 43 00 01 00 00 00 00 00 00 00 00 00 00 00 00 00 00 00 00 00
01 4D 00 01 00 FF FF FF FF
01 43 00 00 5A 5A 5A 5A 5A
01 42 00 00 00 00 00 00 00 00 00 00 00 00 00 00 00 00 00 00 00
01 42 00 00 00 00 00 00 00 00 00 00 00 00 00 00 00 00 00 00 00
01 42 00 00 00 00 00 00 00 00 00 00 00 00 00 00 00 00 00 00 00
01 42 00 00 00 00 00 00 00 00 00 00 00 00 00 00 00 00 00 00 00
01 42 00 00 00 00 00 00 00 00 00 00 00 00 00 00 00 00 00 00 00
01 42 00 00 00 00 00 00 00 00 00 00 00 00 00 00 00 00 00 00 00
01 42 00 00 00 00 00 00 00 00 00 00 00 00 00 00 00 00 00 00 00
01 42 00 00 00 00 00 00 00 00 00 00 00 00 00 00 00 00 00 00 00
01 42 00 00 00 00 00 00 00 00 00 00 00 00 00 00 00 00 00 00 00
01 42 00 00 00 00 00 00 00 00 00 00 00 00 00 00 00 00 00 00 00
01 42 00 00 00 00 00 00 00 00 00 00 00 00 00 00 00 00 00 00 00
01 42 00 00 00 00 00 00 00 00 00 00 00 00 00 00 00 00 00 00 00
01 42 00 00 00 00 00 00 00 00 00 00 00 00 00 00 00 00 00 00 00
01 42 00 00 00 00 00 00 00 00 00 00 00 00 00 00 00 00 00 00 00
01 42 00 00 00 00 00 00 00 00 00 00 00 00 00 00 00 00 00 00 00
01 42 00 00 00 00 00 00 00 00 00 00 00 00 00 00 00 00 00 00 00
01 42 00 00 00 00 00 00 00 00 00 00 00 00 00 00 00 00 00 00 00
01 42 00 00 00 00 00 00 00 00 00 00 00 00 00 00 00 00 00 00 00

--shadow of collosus query
01 42 00 00 00
01 43 00 01 00
01 45 00 00 00 00 00 00 00
01 46 00 00 00 00 00 00 00
01 46 00 01 00 00 00 00 00
01 47 00 00 00 00 00 00 00
01 4C 00 00 00 00 00 00 00
01 4C 00 01 00 00 00 00 00
01 44 00 01 03 00 00 00 00
01 4D 00 00 01 FF FF FF FF
01 43 00 00 00 00 00 00 00
01 42 00 00 00
01 42 00 00 00 00 00 00 00
01 42 00 00 00 00 00 00 00
01 42 00 00 00 00 00 00 00
01 42 00 00 00 00 00 00 00


-----okami query
01 42 00 00 00
01 43 00 01 00
01 45 00 5A 5A 5A 5A 5A 5A
01 46 00 00 5A 5A 5A 5A 5A
01 46 00 01 5A 5A 5A 5A 5A
01 47 00 00 5A 5A 5A 5A 5A
01 4C 00 00 5A 5A 5A 5A 5A
01 4C 00 01 5A 5A 5A 5A 5A
01 4D 00 FF FF FF FF FF FF
01 41 00 5A 5A 5A 5A 5A 5A
01 43 00 00 5A 5A 5A 5A 5A
01 42 00 00 00
01 42 00 00 00
01 42 00 00 00
01 42 00 00 00
01 42 00 00 00
01 43 00 01 00
01 44 00 01 03 00 00 00 00
01 43 00 00 5A 5A 5A 5A 5A
01 42 00 00 00
01 42 00 00 00
01 43 00 01 00 00 00 00 00
01 45 00 5A 5A 5A 5A 5A 5A
01 46 00 00 5A 5A 5A 5A 5A
01 46 00 01 5A 5A 5A 5A 5A
01 47 00 00 5A 5A 5A 5A 5A
01 4C 00 00 5A 5A 5A 5A 5A
01 4C 00 01 5A 5A 5A 5A 5A
01 4D 00 00 01 FF FF FF FF
01 41 00 5A 5A 5A 5A 5A 5A
01 43 00 00 5A 5A 5A 5A 5A
01 42 00 00 00
01 42 00 00 00 00 00 00 00
01 42 00 00 00 00 00 00 00
01 42 00 00 00 00 00 00 00
01 43 00 01 00 00 00 00 00
01 4D 00 00 01 FF FF FF FF
01 43 00 00 5A 5A 5A 5A 5A
01 42 00 00 00 00 00 00 00
01 42 00 00 00 00 00 00 00
01 42 00 00 00 00 00 00 00
01 42 00 00 00 00 00 00 00
01 43 00 01 00 00 00 00 00
01 4F 00 FF FF 03 00 00 00
01 40 00 00 02 00 00 00 00
01 40 00 01 02 00 00 00 00
01 40 00 02 02 00 00 00 00
01 40 00 03 02 00 00 00 00
01 40 00 04 02 00 00 00 00
01 40 00 05 02 00 00 00 00
01 40 00 06 02 00 00 00 00
01 40 00 07 02 00 00 00 00
01 40 00 08 02 00 00 00 00
01 40 00 09 02 00 00 00 00
01 40 00 0A 02 00 00 00 00
01 40 00 0B 02 00 00 00 00
01 43 00 00 5A 5A 5A 5A 5A
01 42 00 00 00 00 00 00 00
01 42 00 00 00
01 43 00 01 00 00 00 00 00 00 00 00 00 00 00 00 00 00 00 00 00
01 45 00 5A 5A 5A 5A 5A 5A
01 46 00 00 5A 5A 5A 5A 5A
01 46 00 01 5A 5A 5A 5A 5A
01 47 00 00 5A 5A 5A 5A 5A
01 4C 00 00 5A 5A 5A 5A 5A
01 4C 00 01 5A 5A 5A 5A 5A
01 4D 00 00 01 FF FF FF FF
01 41 00 5A 5A 5A 5A 5A 5A
01 43 00 00 5A 5A 5A 5A 5A
01 42 00 00 00
01 42 00 00 00 00 00 00 00 00 00 00 00 00 00 00 00 00 00 00 00
01 42 00 00 00 00 00 00 00 00 00 00 00 00 00 00 00 00 00 00 00
01 42 00 00 00 00 00 00 00 00 00 00 00 00 00 00 00 00 00 00 00
01 42 00 00 00 00 00 00 00 00 00 00 00 00 00 00 00 00 00 00 00
01 42 00 00 00 00 00 00 00 00 00 00 00 00 00 00 00 00 00 00 00
01 42 00 00 00 00 00 00 00 00 00 00 00 00 00 00 00 00 00 00 00
01 42 00 00 00 00 00 00 00 00 00 00 00 00 00 00 00 00 00 00 00
01 42 00 00 00 00 00 00 00 00 00 00 00 00 00 00 00 00 00 00 00
01 42 00 00 00 00 00 00 00 00 00 00 00 00 00 00 00 00 00 00 00
01 42 00 00 00 00 00 00 00 00 00 00 00 00 00 00 00 00 00 00 00
01 42 00 00 00 00 00 00 00 00 00 00 00 00 00 00 00 00 00 00 00
01 42 00 00 00 00 00 00 00 00 00 00 00 00 00 00 00 00 00 00 00
01 42 00 00 00 00 00 00 00 00 00 00 00 00 00 00 00 00 00 00 00
01 42 00 00 00 00 00 00 00 00 00 00 00 00 00 00 00 00 00 00 00
01 42 00 00 00 00 00 00 00 00 00 00 00 00 00 00 00 00 00 00 00
01 42 00 00 00 00 00 00 00 00 00 00 00 00 00 00 00 00 00 00 00
01 42 00 00 00 00 00 00 00 00 00 00 00 00 00 00 00 00 00 00 00
01 42 00 00 00 00 00 00 00 00 00 00 00 00 00 00 00 00 00 00 00
01 42 00 00 00 00 00 00 00 00 00 00 00 00 00 00 00 00 00 00 00
01 42 00 00 00 00 00 00 00 00 00 00 00 00 00 00 00 00 00 00 00
01 42 00 00 00 00 00 00 00 00 00 00 00 00 00 00 00 00 00 00 00
